2026-04-08_16-11-49,0,draft.go:2026-04-08_16-11-49
2026-04-08_16-11-49,0,draft.go:2026-04-08_16-11-49
2026-04-08_16-12-42,0,draft.go:2026-04-08_16-12-42
2026-04-09_15-06-04,0,draft.go:2026-04-08_16-12-42
2026-04-09_15-14-42,0,draft.go:2026-04-09_15-14-42
2026-04-09_15-15-35,0,draft.go:2026-04-09_15-15-35
2026-04-09_15-15-53,0,draft.go:2026-04-09_15-15-53
2026-04-09_15-16-37,37,draft.go:2026-04-09_15-16-37
2026-04-09_15-25-13,37,draft.go:2026-04-09_15-25-13
2026-04-09_15-26-48,100,draft.go:2026-04-09_15-26-48
